HI,1215.6701,0.4164,6.265E8
HI,1025.7223,0.07912,1.897E8
HI,972.5368,0.029,8.127E7
HI2,6564.623,0.6958,6.465E7
HI2,4862.688,0.1218,2.062E7
HI2,4341.69,0.04437,9.425E6
DI,1215.3394,0.4165,6.270E8
DI,1025.4433,0.0791,1.897E8
DI,972.2722,0.02901,8.127E7
HeI,584.334,0.285,2.000e8
HeI,537.0296,0.0752,2.000e8
HeI,522.2128,0.0307,2.000e8
HeII,303.7822,0.416,6.270E8
HeII,256.317,0.079,1.897E8
Li6I,6709.7738,0.498,3.690E7
LiI,6709.6156,0.498,3.690E7
BeII,3131.3292,0.3321,1.130E8
BeII,1036.299,0.05538,1.846E8
BII,1362.463,0.996,1.190E9
BIII,2066.436,0.238,1.0e8
CI,945.188,0.2726,1.00e8
CI,1157.9097,0.0212,3.510e7
CI,1193.03,0.0409,6.390E7
CI**,1193.2401,0.0332,1.11E8
CI,1260.7351,0.0507,2.400e8
CI,1277.2452,0.0853,2.320E8
CI,1280.1352,0.0263,1.060E8
CI,1328.8333,0.0758,2.880E8
CI,1560.3092,0.0774,1.270e8
CI,1656.9284,0.149,3.600e8
CII,1334.5323,0.1278,2.880e8
CII,1036.3367,0.118,2.200e9
CIII,977.0201,0.757,1.760E9
CIV,1548.204,0.1899,2.642E8
NI,1199.5496,0.132,4.07e8
NI,1134.9803,0.0416,1.44e8
NI,953.9699,0.0331,2.03e8
NII,1083.9937,0.111,3.74e8
NII,915.6131,0.159,1.27e9
NIII,989.799,0.123,5.00e8
NV,1238.821,0.156,3.391e8
OI,1302.1685,0.048,5.650e8
OI,988.7734,0.0465,2.26E8
OII,834.4655,0.132,2.000E8
OIII,832.927,0.107,2.000E8
OIII,702.332,0.137,2.000E8
OIV,787.711,0.11,2.000E8
OVI,1031.9261,0.1325,4.149e8
OVI,1037.6167,0.0658,4.076e8
OVII,21.60169,0.696,3.32E12
OVII,18.62799,0.146,9.35E11
FI,954.8267,0.0817,7.14E8
NeVIII,780.324,0.0505,1.000e8
NeVIII,770.409,0.103,1.000e8
NaI,5891.590672,0.4005,6.157E+07
NaI,5897.56613,0.2000625,6.139E+07
MgI,2852.96342,1.445517,5.000E+08
MgI,2026.4756281,0.0892587,6.120E+07
MgI,1827.9351,0.0242,1.610e7
MgII,2796.355099,0.48618345,2.625E+08
MgII,2803.5322972,0.24155142,2.595E+08
MgX,624.95,0.041,2.000E8
MgX,609.79,0.0842,2.000E8
AlI,3945.1224,0.116,1.48e8
AlI,3083.0462,0.177,7.45e7
AlI,2367.775,0.106,7.58e7
AlI,2264.1647,0.0892,7.14e7
AlII,1670.78861,1.74,1.390E+09
AlIII,1862.798581,0.1621574,5.340E+08
AlIII,1854.724704,0.3260647,5.420E+08
SiI,2515.0725,0.211,2.22e8
SiI,1845.5205,0.27,1.76e8
SiI,1693.2939,0.156,1.21e8
SiI,1631.17,0.2051,1.714e8
SiI,1562.002,0.3758,3.425e8
SiII,1526.7069415,0.1226659,1.130E+09
SiII,1304.3702,0.0863,1.01E9
SiII,1260.4221,1.18,2.95E9
SiII,1193.2897,0.582,4.07e9
SiII,1190.4158,0.292,4.08E9
SiII,989.8731,0.171,6.673e8
SiII*,1533.4316,0.132,1.13E9
SiII*,1309.2757,0.086,1.01E9
SiII*,1265.002,0.117,2.95E9
SiII*,1264.7377,1.05,2.93E9
SiII*,1197.3938,0.145,4.07e9
SiII*,1194.5002,0.727,4.08E9
SiII*,992.6828,0.153,6.91eE8
SiIII,1206.5,1.63,2.48e9
SiIV,1393.7604003,0.4731399,8.800E+08
SiIV,1402.7731393,0.2342642,8.620E+08
PI,1774.9487,0.169,2.38e8
PI,1782.8291,0.113,2.38e8
PII,1152.818,0.245,1.23e9
PII,963.8005,1.458,4.14E9
PII,961.0412,0.3489,5.09e9
PIII,1334.8132,0.0282,6.32E7
PIII,997.9996,0.1117,2.220E9
PIII,917.1178,0.404,4.78E9
PIII,913.9683,0.203,4.79E9
PIV,950.6569,1.49,3.67e9
PV,1128.0078,0.233,1.22e9
PV,1117.9774,0.472,1.26e9
SI,1807.3113,0.0905,5.33e8
SI,1473.9943,0.0828,1.82e8
SI,1295.6531,0.087,3.46e8
SIII,1190.203,0.0237,6.65e7
SIII,1012.495,0.0438,2.81e8
SIV,1062.664,0.0494,1.69e8
SVI,944.523,0.215,1.61e9
SVI,933.378,0.437,1.67e9
ClI,1347.2396,0.153,6.62e8
ArI,1066.6598,0.0675,1.32e8
ArI,1048.2199,0.263,3.18e7
CaI,4227.918,1.77,2.200e8
CaI,2276.169,0.0661,2.84e7
CaII,3934.774716,0.60752925,1.444E+08
CaII,3969.5897875,0.30206816,1.409E+08
ScII,3643.822,0.375,1.61E8
ScII,3581.947,0.237,2.13E8
ScII,3568.715,0.111,2.13E8
ScII,2563.958,0.0887,2.70E8
ScIII,1610.194,0.0866,4.46E8
TiII,3384.729757,0.2639176,1.750E+08
TiII,3242.917742,0.1710304,2.440E+08
TiII,3230.121461,0.05064564,2.440E+08
TiII,3073.862683,0.0892012,2.560E+08
TiII,3067.237279,0.03604908,2.500E+08
TiII,1910.612524,0.0766688,4.170E+08
TiIII,1298.697,0.0964,6.35e8
TiIII,1295.884,0.0418,1.66e8
VII,2740.525,0.101,3.00E7
VII,2683.887,0.109,2.86E8
VII,2138.827,0.082,4.0E7
VII,1106.571,0.123,2.24E8
CrII,2066.1637338,0.04289997,4.170E+08
CrII,2062.2357899,0.06359585,4.060E+08
CrII,2056.2566427,0.08630267,4.070E+08
MnII,2606.478271,0.05655474,2.720E+08
MnII,2594.512068,0.0800212,2.780E+08
MnII,2576.890898,0.10314131,2.820E+08
MnII,1201.118,0.121,7.85e8
MnII,1199.391,0.169,7.85e8
MnII,1197.184,0.217,7.84e8
FeI,3720.992414,0.03771089,1.630E+07
FeI,3441.591552,0.02165394,1.000E+08
FeI,3021.518346,0.09542416,1.690E+08
FeI,2984.439846,0.02660866,1.750E+08
FeI,2967.764135,0.04018825,1.270E+08
FeI,2719.832683,0.11193988,1.750E+08
FeI,2523.607932,0.18626062,3.850E+08
FeI,2501.88569,0.0493,3.850E+08
FeI,2484.020536,0.49914176,5.000E+08
FeI,2463.391889,0.04881313,5.000E+08
FeI,2298.8769,0.0245,1.350E8
FeI,2167.4534,0.15,2.74E8
FeI,1851.69,0.0222,5.558E7
FeII,2600.1720322,0.21929206,2.700E+08
FeII,2586.6492304,0.06340201,2.720E+08
FeII,2382.7639122,0.2936128,3.130E+08
FeII,2374.4599813,0.028719,3.090E+08
FeII,2344.2126822,0.10459956,2.680E+08
FeII,1608.4509059,0.05294206,2.740E+08
FeII,1260.533,0.024,1.26E8
FeII,1144.9379,0.083,3.520E8
FeII,1121.9748,0.029,1.92e8
FeII,1096.8769,0.0327,2.260E8
FeII,1063.1764,0.0547,3.23E8
FeIII,1122.524,0.0544,3.70e8
CoII,2012.1664,0.0368,3.45e8
CoII,1941.2852,0.034,4.35e8
CoII,1574.5508,0.025,6.73e7
CoII,1466.211,0.031,3.78e7
NiI,2320.7468,0.685,6.94E8
NiI,2311.669,0.3765,4.700E8
NiII,1751.91549,0.0277,3.700E+08
NiII,1741.55289,0.0427,5.000E+08
NiII,1709.60402,0.0324,4.350E+08
NiII,1454.842,0.0323,1.02E8
NiII,1393.324,0.02222,3.47E7
NiII,1370.132,0.0769,4.10e8
NiII,1317.217,0.146,4.205e8
CuII,1367.9509,0.179,6.23e8
CuII,1358.773,0.263,7.20e8
ZnI,2138.5735,1.47,7.14e8
ZnII,2062.661017,0.1196298,3.860E+08
ZnII,2026.135785,0.0939375,4.070E+08
ZnII,2026.137628,0.2436363,4.070E+08
GaII,1414.402,1.77,1.97e9
GeII,1602.4863,0.144,1.06E9
GeII,1237.0591,1.23,2.68e9
GeII,1164.272,0.28,1.38e9
AsII,1263.77,0.259,3.61E8
AsII,1207.449,0.0234,3.56E7
AsII,1181.538,0.0309,4.92E7
SeI,1530.457,0.26,5.28e8
SeI,1405.382,0.105,2.54e8
SeI,1353.899,0.0503,1.31e8
SeII,1049.648,0.0823,9.96e8
SeII,1033.556,0.165,1.03e9
SeII,1013.434,0.263,1.14e9
BrI,1540.661,0.0771,2.39E8
BrI,1488.459,0.0669,2.22E8
KrI,1235.838,0.204,2.98e8
KrI,1164.8672,0.188,3.09e8
SrI,4608.617,2.01,2.10e8
SrI,2428.828,0.0468,1.83e8
SrI,2355.029,0.0479,1.92e7
SrI,2307.974,0.0288,1.20e7
SrII,4216.707,0.334,1.35e8
SrII,4078.861,0.701,1.50e8
ZrII,3573.4879,0.167,1e8
ZrII,3389.2675,0.065,1e8
ZrII,3358.2263,0.046,1e8
ZrII,3273.1651,0.05,1e8
ZrII,3285.6581,0.083,1e8
ZrII,2759.607,0.091,1e8
ZrII,2743.349,0.204,1e8
ZrII,2712.306,0.049,1e8
ZrII,2568.424,0.135,1e8
ZrII,2551.518,0.05,1e8
ZrIII,1798.048,0.178,6.13e8
NbII,2866.452,0.0603,1.75E8
NbII,2668.088,0.0955,3.23E8
RuII,1888.043,0.0293,2.56E8
PdII,1403.552,0.0328,8.34E7
PdII,1367.7,0.0712,2.54E8
PdII,1374.843,0.036,1.27E8
PdII,1320.018,0.122,4.68E8
PdII,1235.191,0.04,2.62E8
PdII,1218.618,0.0585,2.63E8
PdII,1203.96,0.132,4.54E8
AgII,1195.883,0.0369,3.45E8
AgII,1112.483,0.429,1.20E9
AgII,1107.072,0.382,1.09E9
CdII,2265.7152,0.247,3.21E8
CdII,2145.0697,0.498,3.61E8
SnII,1400.45,1.09,1e8
HgII,1649.947,0.83,1e8
PbII,1433.905,0.87,1e8